 1.0000E-08   4.01518E-05 0.0176
    1.2362E-08   2.40009E-05 0.0231
    1.5282E-08   3.30752E-05 0.0205
    1.8892E-08   4.92614E-05 0.0173
    2.3354E-08   8.23106E-05 0.0138
    2.8870E-08   1.14744E-04 0.0118
    3.5689E-08   1.64024E-04 0.0103
    4.4119E-08   2.25417E-04 0.0090
    5.4540E-08   2.99276E-04 0.0083
    6.7422E-08   3.93571E-04 0.0075
    8.3348E-08   4.83120E-04 0.0069
    1.0303E-07   5.66496E-04 0.0066
    1.2737E-07   6.39994E-04 0.0065
    1.5746E-07   6.51988E-04 0.0065
    1.9465E-07   6.26083E-04 0.0067
    2.4063E-07   5.58832E-04 0.0071
    2.9746E-07   4.73404E-04 0.0077
    3.6772E-07   4.30954E-04 0.0083
    4.5458E-07   4.02633E-04 0.0090
    5.6195E-07   3.92707E-04 0.0091
    6.9469E-07   3.82569E-04 0.0094
    8.5877E-07   3.81040E-04 0.0094
    1.0616E-06   3.64034E-04 0.0097
    1.3124E-06   3.62778E-04 0.0096
    1.6224E-06   3.83105E-04 0.0097
    2.0056E-06   3.71506E-04 0.0098
    2.4793E-06   3.69294E-04 0.0098
    3.0649E-06   3.68818E-04 0.0099
    3.7888E-06   3.54498E-04 0.0098
    4.6837E-06   3.69678E-04 0.0098
    5.7900E-06   3.26106E-04 0.0101
    7.1577E-06   1.81610E-04 0.0116
    8.8483E-06   3.50623E-04 0.0095
    1.0938E-05   3.72718E-04 0.0095
    1.3522E-05   3.66433E-04 0.0094
    1.6716E-05   3.87546E-04 0.0094
    2.0664E-05   3.35331E-04 0.0096
    2.5545E-05   3.35634E-04 0.0097
    3.1579E-05   4.22863E-04 0.0092
    3.9038E-05   3.26862E-04 0.0094
    4.8259E-05   4.30146E-04 0.0089
    5.9658E-05   4.31944E-04 0.0088
    7.3749E-05   4.13726E-04 0.0090
    9.1168E-05   4.46817E-04 0.0088
    1.1270E-04   4.41832E-04 0.0087
    1.3932E-04   4.61852E-04 0.0086
    1.7223E-04   4.72107E-04 0.0086
    2.1291E-04   4.63600E-04 0.0086
    2.6320E-04   4.83739E-04 0.0085
    3.2537E-04   4.83778E-04 0.0084
    4.0223E-04   5.06265E-04 0.0084
    4.9723E-04   5.02690E-04 0.0084
    6.1468E-04   5.02232E-04 0.0084
    7.5987E-04   5.10334E-04 0.0083
    9.3935E-04   5.25584E-04 0.0083
    1.1612E-03   5.41147E-04 0.0082
    1.4355E-03   5.26579E-04 0.0084
    1.7746E-03   5.41650E-04 0.0083
    2.1937E-03   5.36695E-04 0.0083
    2.7119E-03   5.67741E-04 0.0081
    3.3525E-03   5.41200E-04 0.0083
    4.1443E-03   5.60931E-04 0.0083
    5.1232E-03   5.70574E-04 0.0083
    6.3333E-03   5.82211E-04 0.0082
    7.8293E-03   5.77889E-04 0.0083
    9.6786E-03   5.90085E-04 0.0081
    1.1965E-02   6.10644E-04 0.0081
    1.4791E-02   6.16709E-04 0.0081
    1.8284E-02   6.20093E-04 0.0081
    2.2603E-02   6.46082E-04 0.0080
    2.7942E-02   6.60403E-04 0.0079
    3.4542E-02   6.92366E-04 0.0079
    4.2701E-02   7.16142E-04 0.0078
    5.2787E-02   7.46110E-04 0.0077
    6.5255E-02   8.04928E-04 0.0076
    8.0669E-02   8.58687E-04 0.0075
    9.9723E-02   9.12642E-04 0.0073
    1.2328E-01   9.98121E-04 0.0071
    1.5240E-01   1.09903E-03 0.0069
    1.8839E-01   1.21559E-03 0.0067
    2.3289E-01   1.36878E-03 0.0065
    2.8790E-01   1.55779E-03 0.0061
    3.5590E-01   1.78086E-03 0.0058
    4.3997E-01   1.45505E-03 0.0061
    5.4389E-01   1.84296E-03 0.0061
    6.7236E-01   2.34113E-03 0.0059
    8.3117E-01   2.70897E-03 0.0057
    1.0275E+00   2.09985E-03 0.0061
    1.2702E+00   2.20868E-03 0.0064
    1.5702E+00   2.31214E-03 0.0066
    1.9411E+00   2.25057E-03 0.0071
    2.3996E+00   2.35428E-03 0.0075
    2.9664E+00   2.31899E-03 0.0078
    3.6670E+00   1.69439E-03 0.0090
    4.5332E+00   1.22749E-03 0.0110
    5.6039E+00   8.70362E-04 0.0141
    6.9276E+00   4.93289E-04 0.0192
    8.5639E+00   2.08140E-04 0.0300
    1.0587E+01   6.69128E-05 0.0544
    1.3087E+01   1.43271E-05 0.1139
    1.6179E+01   3.03241E-06 0.3207
    2.0000E+01   8.26481E-08 1.0000